            precip  precip  precip  precip  ...  precip  precip  precip  precip
date_time                                   ...                                
2020-01-31       3      58     9.0      12  ...       7    13.0      26       9
2020-02-29       6      32    10.0      11  ...      13     7.0      26       6
2020-03-31      46      68    47.0      37  ...      36    19.0      32      27
2020-04-30       0      24     3.0       3  ...      14     0.0       7       5
2020-05-31      12      18     0.0       5  ...      45     4.0      16       2
2020-06-30      14      95    18.0      41  ...       8    22.0      42      74
2020-07-31       1      15     4.0      17  ...      16    12.0       1      12
2020-08-31       2       6     3.0       0  ...       5     0.0       0       0
2020-09-30       5       9     0.0      11  ...       3    17.0       5       7
2020-10-31       2       7     0.0       1  ...       0     2.0       3      16
2020-11-30      18      47    15.0      13  ...       4     5.0       5       7
2020-12-31      13      34    15.0      16  ...      12    11.0      11      11
2021-01-31      13      45    16.0      31  ...      14    12.0      26      14
2021-02-28      10      59    13.0      22  ...       4    10.0      25       7
2021-03-31      25      35    26.0      85  ...      17    13.0      26      19
2021-04-30      15      46    12.0      19  ...      58     2.0      25       7
2021-05-31       4      20     6.0       7  ...       0    52.0      12       4
2021-06-30       5      44    11.0       0  ...       2     8.0      10       1
2021-07-31      29      92    28.0      61  ...      66    13.0      54      16
2021-08-31      16     143    42.0      27  ...      34    17.0      32      36
2021-09-30      49      31    23.0      46  ...      11    31.0       4      44
2021-10-31      48      91    37.0      38  ...      37    16.0      89      21
2021-11-30       2      18     5.0       0  ...       0     1.0       4       0
2021-12-31      12     175    31.0      40  ...      30    15.0      48      18
2022-01-31       2      19     0.0       1  ...       0     0.0      28       2
2022-02-28       8      17     8.0      24  ...      10    14.0      20      12
2022-03-31      12      62    18.0      20  ...       9    21.0      28      12
2022-04-30       4      51     5.0       4  ...       2     2.0      32      14
2022-05-31      10      55     0.0       0  ...       0     0.0      26       0
2022-06-30       9      19    11.0      12  ...       5    22.0      11       1
2022-07-31      18      24     6.0      73  ...      25     7.0       9      36
2022-08-31       3      66    38.0      66  ...      26    41.0      44      15
2022-09-30      23      72    49.0      46  ...      36    43.0      31      19
2022-10-31      31      51    13.0      59  ...      19    11.0       8      58
2022-11-30      21     103     4.0      15  ...       6     9.0      31      18
2022-12-31      32     195    21.0      46  ...      19    26.0      43      28
2023-01-31      31     202    70.0      63  ...      53    22.0      53      40
2023-02-28       2      87     6.0      54  ...      19    11.0      22      33
2023-03-31      15     263    55.0      69  ...      81    46.0      75      30
2023-04-30      17     123     0.0       8  ...      10     1.0     122       6
2023-05-31       2      71    20.0       8  ...      20     3.0      28      16
2023-06-30       8      74    28.0       2  ...      28     3.0      17      34
2023-07-31      12      28    13.0       8  ...      10     4.0       3      18
2023-08-31      22      64    75.0      58  ...      52    21.0      52      19
2023-09-30       8      47    10.0      11  ...      30    23.0      50       3
2023-10-31       8      34     7.0       5  ...       2     1.0      44       4
2023-11-30      13      53     9.0       7  ...       3    20.0      40      10
2023-12-31       4      38     4.0      22  ...       9     6.0      21      22

[48 rows x 16 columns]
